0.00000000 0.00000000 0.00000000 0.00000000 0.00000000 0.00000000
0.16667000 0.00781000 0.00627000 -0.01165000 0.01299000 0.00983000
0.33333000 0.00895000 0.00016000 -0.01579000 0.01597000 0.00025000
0.50000000 0.02018000 0.01143000 -0.01432000 0.02127000 0.01791000
0.66667000 0.02583000 0.01637000 0.00289000 0.03970000 0.02565000
0.83333000 0.03499000 0.02069000 0.01528000 0.04604000 0.03242000
1.00000000 0.04266000 0.02864000 0.04614000 0.05328000 0.04489000
1.16667000 0.05504000 0.03262000 0.05730000 0.05896000 0.05112000
1.33333000 0.05850000 0.04297000 0.06343000 0.06619000 0.06734000
1.50000000 0.06205000 0.04585000 0.07807000 0.07612000 0.07185000
1.66667000 0.06849000 0.04849000 0.07888000 0.09157000 0.07599000
1.83333000 0.07234000 0.05948000 0.09553000 0.09231000 0.09321000
2.00000000 0.08145000 0.06405000 0.10398000 0.10052000 0.10038000
2.16667000 0.07245000 0.06753000 0.12079000 0.09769000 0.10583000
2.33333000 0.08408000 0.07549000 0.13130000 0.10537000 0.11830000
2.50000000 0.08922000 0.07821000 0.13258000 0.10776000 0.12256000
2.66667000 0.09110000 0.08215000 0.12087000 0.11582000 0.12875000
2.83333000 0.09801000 0.08866000 0.13163000 0.12425000 0.13895000
3.00000000 0.09006000 0.08946000 0.13941000 0.11851000 0.14020000
3.16667000 0.09778000 0.09273000 0.13456000 0.12582000 0.14532000
3.33333000 0.09082000 0.09291000 0.10710000 0.13388000 0.14560000
3.50000000 0.10209000 0.09367000 0.08242000 0.13582000 0.14680000
3.66667000 0.10715000 0.09921000 0.08811000 0.17567000 0.15547000
3.83333000 0.61523000 0.13798000 0.06146000 0.13619000 0.17825000
4.00000000 0.21189000 0.10918000 0.05991000 0.12813000 0.14080000
4.16667000 0.76081000 0.09986000 0.06908000 0.12507000 0.12858000
4.33333000 0.77622000 0.09481000 0.08050000 0.12627000 0.12082000
4.50000000 0.78225000 0.09858000 0.09611000 0.12157000 0.12023000
4.66667000 0.77315000 0.09901000 0.11321000 0.12388000 0.13308000
4.83333000 0.79586000 0.10330000 0.04662000 0.13082000 0.13622000
5.00000000 0.85279000 0.11136000 0.04734000 0.13843000 0.13839000
5.16667000 0.88369000 0.10822000 0.05238000 0.21567000 0.14825000
5.33333000    NaN 0.39452000 0.05591000 0.17201000 0.19942000
5.50000000 1.17117000 0.25114000 0.03404000 0.16612000 0.15634000
5.66667000 1.13108000 0.22843000 0.03530000 0.15754000 0.12349000
5.83333000 1.12676000 0.44057000 0.02890000 0.16567000 0.12974000
6.00000000 1.14730000 0.50019000 0.03163000 0.15918000 0.12575000
6.16667000 1.17108000 0.49290000 0.03797000 0.16201000 0.13339000
6.33333000 1.18189000 0.53510000 0.03913000 0.17127000 0.14244000
6.50000000 1.14342000 0.53910000 0.04767000 0.16806000 0.13374000
6.66667000 1.03423000 0.56257000 0.04890000 0.17530000 0.14892000
6.83333000 1.02937000 0.58976000 0.05179000 0.17731000 0.14711000
7.00000000 1.05216000 0.61181000 0.05529000 0.18224000 0.15414000
7.16667000 1.08441000 0.65700000 0.06084000 0.18485000 0.14947000
7.33333000 1.10198000 0.70424000 0.05789000 0.18470000 0.15904000
7.50000000 1.12000000 0.70638000 0.05954000 0.18418000 0.15937000
7.66667000 1.10333000 0.75510000 0.06316000 0.19366000 0.16556000
7.83333000    NaN 0.76495000 0.05529000 0.21448000 0.16549000
8.00000000    NaN    NaN    NaN 0.19590000 0.22758000
8.16667000    NaN    NaN    NaN 0.19351000 0.18057000
8.33333000 1.08297000 0.92205000 0.61426000 0.17634000 0.16057000
8.50000000 1.06568000 0.88833000 0.59227000 0.17888000 0.15252000
8.66667000 1.06793000 0.89286000 0.57801000 0.18575000 0.15403000
8.83333000 1.05468000 0.87067000 0.52752000 0.19545000 0.15659000
9.00000000 1.05775000 0.86443000 0.47738000 0.19604000 0.16034000
9.16667000 1.05703000 0.90495000 0.50199000 0.18806000 0.16714000
9.33333000 1.05072000 0.90410000 0.61638000 0.19649000 0.16792000
9.50000000 1.04261000 0.91595000 0.68390000 0.20313000 0.17623000
9.66667000 1.06405000 0.89419000 0.71142000 0.21239000 0.17819000
9.83333000 1.07568000 0.90424000 0.77901000 0.22022000 0.18164000
10.00000000 1.10153000 0.89133000 0.81326000 0.21522000 0.18577000
10.16667000 1.06369000 0.89271000 0.77780000 0.21612000 0.18930000
10.33333000 1.06054000 0.92176000 0.86730000 0.22269000 0.19805000
10.50000000 1.00072000 0.92014000 0.84894000 0.22619000 0.20464000
10.66667000 1.01856000 0.89848000 0.81582000 0.22963000 0.20862000
10.83333000 1.02982000 0.90438000 0.87199000 0.23045000 0.21095000
11.00000000 1.06991000 0.92171000 0.86560000 0.23739000 0.22566000
11.16667000 1.07784000 0.94676000 0.90766000 0.24336000 0.22420000
11.33333000 1.11063000 0.95686000 0.89433000 0.25097000 0.22550000
11.50000000 1.10225000 0.97129000 0.89879000 0.24769000 0.22411000
11.66667000 1.11982000 0.96957000 0.95787000 0.25881000 0.22220000
11.83333000 1.10514000 0.98586000 0.96248000 0.25545000 0.22959000
12.00000000 1.11423000 0.98748000 0.96340000 0.25925000 0.23675000
12.16667000 1.10712000 0.98219000 0.93929000 0.25836000 0.23510000
12.33333000 1.08937000 0.99710000 0.97574000 0.26142000 0.23763000
12.50000000 1.09955000 0.99867000 0.95213000 0.27448000 0.25688000
12.66667000 1.10216000 0.99886000 0.94411000 0.27000000 0.25693000
12.83333000 1.11018000 1.00714000 1.01333000 0.27567000 0.26189000
13.00000000 1.09514000 0.99800000 1.07489000 0.29351000 0.25588000
13.16667000 1.10901000 1.01619000 1.01191000 0.27493000 0.26308000
13.33333000 1.09108000 1.01162000 1.04738000 0.28172000 0.26028000
13.50000000 1.08198000 1.01095000 1.04936000 0.29448000 0.27221000
13.66667000 1.07964000 1.01724000 1.04759000 0.30619000 0.27854000
13.83333000 1.06910000 1.01448000 1.06716000 0.30455000 0.27188000
14.00000000 1.06982000 1.02181000 1.07454000 0.30067000 0.27321000
14.16667000 1.05793000 1.02200000 1.06071000 0.30933000 0.28700000
14.33333000 1.05081000 1.02343000 1.06128000 0.31455000 0.28646000
14.50000000 1.05477000 1.02471000 1.07957000 0.31522000 0.29258000
14.66667000 1.03261000 1.03962000 1.05106000 0.32179000 0.29960000
14.83333000 1.04486000 1.01176000 1.07305000 0.31500000 0.29602000
15.00000000 1.04459000 1.02300000 1.07858000 0.32642000 0.30341000
15.16667000 1.03982000 1.03262000 1.08390000 0.33381000 0.30478000
15.33333000 1.02252000 1.03700000 1.04496000 0.34306000 0.30337000
15.50000000 1.05820000 1.02957000 1.03255000 0.33851000 0.31301000
15.66667000 1.04667000 1.01590000 1.08085000 0.34537000 0.32212000
15.83333000 1.02739000 1.02719000 1.05057000 0.35746000 0.31691000
16.00000000 1.00766000 1.02481000 1.02504000 0.35418000 0.32456000
16.16667000 1.04523000 1.01267000 1.03872000 0.36933000 0.33069000
16.33333000 1.03865000 1.02529000 1.07298000 0.36440000 0.33204000
16.50000000 1.03820000 1.00686000 1.04135000 0.36239000 0.33316000
16.66667000 1.02784000 1.02205000 1.04929000 0.37418000 0.34041000
16.83333000 1.01919000 1.02600000 0.99730000 0.36627000 0.33773000
17.00000000 1.03495000 1.01305000 1.00128000 0.36858000 0.34302000
17.16667000 1.01270000 1.01548000 0.99787000 0.38597000 0.35615000
17.33333000 1.01559000 1.01581000 1.07291000 0.38157000 0.34151000
17.50000000 1.03243000 1.01957000 1.02723000 0.38597000 0.34747000
17.66667000 1.02919000 1.00824000 1.05000000 0.39888000 0.34981000
17.83333000 1.01550000 1.01600000 1.05333000 0.39888000 0.35325000
18.00000000 1.01387000 1.02605000 1.05674000 0.39545000 0.35662000
18.16667000 1.01270000 1.02043000 1.02624000 0.40336000 0.36842000
18.33333000 1.01414000 1.02600000 1.00475000 0.41276000 0.37649000
18.50000000 0.99577000 1.02657000 0.96929000 0.41082000 0.36942000
18.66667000 1.02802000 1.01148000 1.04156000 0.40836000 0.37815000
18.83333000 1.01288000 1.02433000 1.02525000 0.42172000 0.37352000
19.00000000 1.00360000 1.01252000 1.01993000 0.41776000 0.38583000
19.16667000 1.01495000 1.01186000 1.01532000 0.42582000 0.38546000
19.33333000 1.00009000 1.00419000 1.05440000 0.43090000 0.38813000
19.50000000 0.99703000 1.01829000 1.04993000 0.43634000 0.39086000
19.66667000 1.00964000 1.01105000 1.04383000 0.43224000 0.39785000
19.83333000 0.97937000 1.01738000 1.05092000 0.43724000 0.39834000
20.00000000 1.13613000 1.00914000 1.06199000 0.43978000 0.40615000
20.16667000 1.09595000 1.00386000 1.01865000 0.45918000 0.41097000
20.33333000 1.02550000 1.01471000 1.03426000 0.44149000 0.41620000
20.50000000 0.99559000 1.00967000 1.02943000 0.46522000 0.41113000
20.66667000 0.99568000 1.00238000 1.03894000 0.47306000 0.41546000
20.83333000 1.02342000 1.00338000 1.00511000 0.46642000 0.41465000
21.00000000 0.99243000 1.00110000 0.99447000 0.46821000 0.42077000
21.16667000 1.00550000 1.00043000 1.02738000 0.45433000 0.42257000
21.33333000 0.97721000 0.99533000 0.99809000 0.47366000 0.42537000
21.50000000 0.99315000 1.08629000 1.00709000 0.47291000 0.43569000
21.66667000 0.98450000 1.05067000 0.99879000 0.48530000 0.44229000
21.83333000 0.95631000 1.02633000 1.05213000 0.48604000 0.43792000
22.00000000 0.94937000 1.00686000 1.04603000 0.48075000 0.45218000
22.16667000 1.00198000 1.00190000 1.03667000 0.49866000 0.43381000
22.33333000 1.01901000 1.00157000 0.99603000 0.49985000 0.44612000
22.50000000 1.01919000 0.98819000 1.04816000 0.49082000 0.46238000
22.66667000 1.01198000 0.99776000 1.01582000 0.49052000 0.45439000
22.83333000 1.02207000 0.99248000 1.00404000 0.50418000 0.45268000
23.00000000 1.02261000 0.99205000 0.99475000 0.50410000 0.46532000
23.16667000 1.01730000 0.96643000 1.03255000 0.50590000 0.47378000
23.33333000 1.00820000 0.96829000 0.98426000 0.52493000 0.47023000
23.50000000 1.01306000 0.95433000 1.01830000 0.51925000 0.47854000
23.66667000 1.00144000 0.97762000 1.01376000 0.50522000 0.47720000
23.83333000 0.99180000 0.98767000 1.03021000 0.52530000 0.48543000
24.00000000 0.99712000 0.98457000 0.99922000    NaN 0.48328000
24.16667000    NaN    NaN    NaN    NaN    NaN
24.33333000    NaN    NaN    NaN    NaN    NaN
24.50000000    NaN    NaN    NaN    NaN 0.39450000
24.66667000    NaN    NaN    NaN    NaN 0.43252000
24.83333000    NaN    NaN    NaN    NaN 0.44725000
25.00000000    NaN    NaN    NaN    NaN 0.44766000
25.16667000    NaN    NaN    NaN    NaN 0.45844000
25.33333000    NaN    NaN    NaN    NaN 0.45613000
25.50000000    NaN    NaN    NaN    NaN 0.45594000
25.66667000    NaN    NaN    NaN    NaN 0.46225000
25.83333000    NaN    NaN    NaN    NaN 0.46295000
26.00000000    NaN    NaN    NaN    NaN 0.46889000
26.16667000    NaN    NaN    NaN    NaN 0.46807000
26.66667000    NaN    NaN    NaN    NaN 0.47187000
26.83333000    NaN    NaN    NaN    NaN 0.47201000
27.00000000    NaN    NaN    NaN    NaN 0.49097000
27.16667000    NaN    NaN    NaN    NaN 0.47187000
27.33333000    NaN    NaN    NaN    NaN 0.46515000
27.50000000    NaN    NaN    NaN    NaN 0.50291000
27.66667000    NaN    NaN    NaN    NaN 0.57164000
27.83333000    NaN    NaN    NaN    NaN 0.58642000
28.00000000    NaN    NaN    NaN    NaN    NaN
28.16667000    NaN    NaN    NaN    NaN    NaN
28.33333000    NaN    NaN    NaN    NaN    NaN
28.50000000    NaN    NaN    NaN    NaN    NaN
28.66667000    NaN    NaN    NaN    NaN 0.70634000
28.83333000    NaN    NaN    NaN    NaN 0.62582000
29.00000000    NaN    NaN    NaN    NaN 0.62299000
29.16667000    NaN    NaN    NaN    NaN 0.63187000
29.33333000    NaN    NaN    NaN    NaN 0.65142000
29.50000000    NaN    NaN    NaN    NaN 0.62828000
29.66667000    NaN    NaN    NaN    NaN 0.63515000
29.83333000    NaN    NaN    NaN    NaN 0.64112000
30.00000000    NaN    NaN    NaN    NaN 0.63978000
30.16667000    NaN    NaN    NaN    NaN 0.67104000
30.33333000    NaN    NaN    NaN    NaN 0.67888000
30.50000000    NaN    NaN    NaN    NaN 0.67657000
30.66667000    NaN    NaN    NaN    NaN 0.69179000
30.83333000    NaN    NaN    NaN    NaN 0.71396000
31.00000000    NaN    NaN    NaN    NaN 0.71261000
31.16667000    NaN    NaN    NaN    NaN 0.73672000
31.33333000    NaN    NaN    NaN    NaN 0.74903000
31.50000000    NaN    NaN    NaN    NaN 0.75149000
31.66667000    NaN    NaN    NaN    NaN 0.74440000
31.83333000    NaN    NaN    NaN    NaN 0.76403000
32.00000000    NaN    NaN    NaN    NaN 0.77627000
32.16667000    NaN    NaN    NaN    NaN 0.79664000
32.33333000    NaN    NaN    NaN    NaN 0.81925000
32.50000000    NaN    NaN    NaN    NaN 0.81418000
32.66667000    NaN    NaN    NaN    NaN 0.80425000
32.83333000    NaN    NaN    NaN    NaN 0.82873000
33.00000000    NaN    NaN    NaN    NaN 0.81955000
33.16667000    NaN    NaN    NaN    NaN 0.84881000
33.33333000    NaN    NaN    NaN    NaN 0.89963000
33.50000000    NaN    NaN    NaN    NaN 0.92209000
33.66667000    NaN    NaN    NaN    NaN 0.86843000
33.83333000    NaN    NaN    NaN    NaN 0.88679000
34.00000000    NaN    NaN    NaN    NaN 0.87493000
34.16667000    NaN    NaN    NaN    NaN 0.91119000
34.33333000    NaN    NaN    NaN    NaN 0.94910000
34.50000000    NaN    NaN    NaN    NaN 0.98134000
34.66667000    NaN    NaN    NaN    NaN 0.93948000
34.83333000    NaN    NaN    NaN    NaN 0.94940000
35.00000000    NaN    NaN    NaN    NaN 0.96761000
35.16667000    NaN    NaN    NaN    NaN 0.94328000
35.33333000    NaN    NaN    NaN    NaN 0.95799000
35.50000000    NaN    NaN    NaN    NaN 0.98007000
35.66667000    NaN    NaN    NaN    NaN 0.95194000
35.83333000    NaN    NaN    NaN    NaN 0.93634000
36.00000000    NaN    NaN    NaN    NaN 0.94470000
36.16667000    NaN    NaN    NaN    NaN 0.95522000
36.33333000    NaN    NaN    NaN    NaN 0.95381000
36.50000000    NaN    NaN    NaN    NaN 0.96187000
36.66667000    NaN    NaN    NaN    NaN 0.98097000
36.83333000    NaN    NaN    NaN    NaN 0.98127000
37.00000000    NaN    NaN    NaN    NaN 0.97836000
37.16667000    NaN    NaN    NaN    NaN 0.98082000
37.33333000    NaN    NaN    NaN    NaN 0.98918000
37.50000000    NaN    NaN    NaN    NaN 0.96627000
37.66667000    NaN    NaN    NaN    NaN 0.99343000
37.83333000    NaN    NaN    NaN    NaN 0.98978000
38.00000000    NaN    NaN    NaN    NaN 1.00709000
38.16667000    NaN    NaN    NaN    NaN 0.97970000
38.33333000    NaN    NaN    NaN    NaN 0.98716000
38.50000000    NaN    NaN    NaN    NaN 0.97075000
38.66667000    NaN    NaN    NaN    NaN 0.95791000
38.83333000    NaN    NaN    NaN    NaN 0.98888000
39.00000000    NaN    NaN    NaN    NaN 0.96440000
39.16667000    NaN    NaN    NaN    NaN 0.98164000
39.33334000    NaN    NaN    NaN    NaN 0.97694000
39.50001000    NaN    NaN    NaN    NaN 0.98239000
39.66668000    NaN    NaN    NaN    NaN 0.99313000
39.83335000    NaN    NaN    NaN    NaN 0.97933000
40.00002000    NaN    NaN    NaN    NaN 0.99701000
40.16669000    NaN    NaN    NaN    NaN 0.95343000
40.33336000    NaN    NaN    NaN    NaN 0.90396000
40.50003000    NaN    NaN    NaN    NaN 0.90791000
40.66670000    NaN    NaN    NaN    NaN 0.89552000
40.83337000    NaN    NaN    NaN    NaN 0.89567000
41.00004000    NaN    NaN    NaN    NaN 0.91358000
41.16671000    NaN    NaN    NaN    NaN 0.89037000
41.33338000    NaN    NaN    NaN    NaN 0.91037000
41.50005000    NaN    NaN    NaN    NaN 0.89276000
41.66672000    NaN    NaN    NaN    NaN 0.89336000
41.83339000    NaN    NaN    NaN    NaN 0.88291000
42.00006000    NaN    NaN    NaN    NaN 0.86784000
42.16673000    NaN    NaN    NaN    NaN 0.88500000
42.33340000    NaN    NaN    NaN    NaN 0.89239000
42.50007000    NaN    NaN    NaN    NaN 1.02082000
42.66674000    NaN    NaN    NaN    NaN 0.97433000
42.83341000    NaN    NaN    NaN    NaN 0.93440000
43.00008000    NaN    NaN    NaN    NaN 0.90507000
43.16675000    NaN    NaN    NaN    NaN 0.90463000
43.33342000    NaN    NaN    NaN    NaN 0.90978000
43.50009000    NaN    NaN    NaN    NaN 0.89097000
43.66676000    NaN    NaN    NaN    NaN 0.88597000
43.83343000    NaN    NaN    NaN    NaN 0.91425000
44.00010000    NaN    NaN    NaN    NaN 0.88694000
44.16677000    NaN    NaN    NaN    NaN 0.88709000
44.33344000    NaN    NaN    NaN    NaN 0.87731000
44.50011000    NaN    NaN    NaN    NaN 0.87313000
44.66678000    NaN    NaN    NaN    NaN 0.91067000
44.83345000    NaN    NaN    NaN    NaN 0.91642000
45.00012000    NaN    NaN    NaN    NaN 0.90933000
45.16679000    NaN    NaN    NaN    NaN 0.91493000
45.33346000    NaN    NaN    NaN    NaN 0.93649000
45.50013000    NaN    NaN    NaN    NaN 0.91515000
45.66680000    NaN    NaN    NaN    NaN 0.91052000
45.83347000    NaN    NaN    NaN    NaN 0.90799000
46.00014000    NaN    NaN    NaN    NaN 0.92537000
46.16681000    NaN    NaN    NaN    NaN 0.88925000
46.33348000    NaN    NaN    NaN    NaN 0.90015000
46.50015000    NaN    NaN    NaN    NaN 0.90821000
46.66682000    NaN    NaN    NaN    NaN 0.89366000
46.83349000    NaN    NaN    NaN    NaN 0.91560000
47.00016000    NaN    NaN    NaN    NaN 0.91030000
47.16683000    NaN    NaN    NaN    NaN 0.90134000
47.33350000    NaN    NaN    NaN    NaN 0.90142000
47.50017000    NaN    NaN    NaN    NaN 0.90597000
47.66684000    NaN    NaN    NaN    NaN 0.91888000
47.83351000    NaN    NaN    NaN    NaN 0.93358000
48.00018000    NaN    NaN    NaN    NaN 0.89873000
48.16685000    NaN    NaN    NaN    NaN 0.91493000
